// -*- javascript -*-
// https://wiki.alioth.net/index.php/Misc_plists#crosshairs.plist
// https://wiki.alioth.net/index.php/Oolite_JavaScript_Reference:_PlayerShip
// .../oolite.app/Resources/Config/crosshairs.plist

{
    WEAPON_ECU_MILITARY_LASER =
	(
	    (0.25, 0.25, 1.0,		0.50, 0.0, 0.75),
	    (0.25, 0.25, -1.0,		0.50, 0.0, -0.75),
	    (0.25, 1.0, 0.25,		0.50, 0.75, 0.0),
	    (0.25, -1.0, 0.25,		0.50, -0.75, 0.0),
	    (0.25, -0.25, 1.0,		0.50, 0.0, 0.75),
	    (0.25, -0.25, -1.0,		0.50, 0.0, -0.75),
	    (0.25, 1.0, -0.25,		0.50, 0.75, 0.0),
	    (0.25, -1.0, -0.25,		0.50, -0.75, 0.0),
	    (0.50, 0.0, 0.75,		0.75, 0.0, 0.50),
	    (0.50, 0.0, -0.75,		0.75, 0.0, -0.50),
	    (0.50, 0.75, 0.0,		0.75, 0.50, 0.0),
	    (0.50, -0.75, 0.0,		0.75, -0.50, 0.0)
	);
    WEAPON_ECU_MINING_LASER =
	(
	    (0.25, 0.50, 1.0,		0.75, 0.50, 0.50),
	    (0.25, 0.50, -1.0,		0.75, 0.50, -0.50),
	    (0.25, 1.0, 0.50,		0.75, 0.50, 0.50),
	    (0.25, -1.0, 0.50,		0.75, -0.50, 0.50),
	    (0.25, -0.50, 1.0,		0.75, -0.50, 0.50),
	    (0.25, -0.50, -1.0,		0.75, -0.50, -0.50),
	    (0.25, 1.0, -0.50,		0.75, 0.50, -0.50),
	    (0.25, -1.0, -0.50,		0.75, -0.50, -0.50)
	);
    WEAPON_ECU_BEAM_LASER =
	(
	    (0.25, 0.25, 1.0,		0.75, 0.0, 0.50),
	    (0.25, 0.25, -1.0,		0.75, 0.0, -0.50),
	    (0.25, 1.0, 0.25,		0.75, 0.50, 0.0),
	    (0.25, -1.0, 0.25,		0.75, -0.50, 0.0),
	    (0.25, -0.25, 1.0,		0.75, 0.0, 0.50),
	    (0.25, -0.25, -1.0,		0.75, 0.0, -0.50),
	    (0.25, 1.0, -0.25,		0.75, 0.50, 0.0),
	    (0.25, -1.0, -0.25,		0.75, -0.50, 0.0)
	);
    WEAPON_ECU_PULSE_LASER =
	(
	    (0.25, 0.0, 1.0,		0.75, 0.0, 0.50),
	    (0.25, 0.0, -1.0,		0.75, 0.0, -0.50),
	    (0.25, 1.0, 0.0,		0.75, 0.50, 0.0),
	    (0.25, -1.0, 0.0,		0.75, -0.50, 0.0)
	);
}
